0.0 0.0
1.0 0.0602739726027
2.0 0.178082191781
3.0 0.334246575342
4.0 0.435616438356
5.0 0.501369863014
6.0 0.558904109589
7.0 0.6
8.0 0.657534246575
9.0 0.704109589041
10.0 0.731506849315
11.0 0.742465753425
12.0 0.764383561644
13.0 0.778082191781
14.0 0.780821917808
15.0 0.791780821918
16.0 0.81095890411
17.0 0.816438356164
18.0 0.824657534247
20.0 0.832876712329
21.0 0.849315068493
22.0 0.854794520548
23.0 0.860273972603
25.0 0.86301369863
26.0 0.865753424658
27.0 0.868493150685
29.0 0.876712328767
30.0 0.882191780822
32.0 0.884931506849
33.0 0.890410958904
34.0 0.893150684932
35.0 0.895890410959
36.0 0.898630136986
37.0 0.901369863014
38.0 0.906849315068
39.0 0.909589041096
40.0 0.915068493151
41.0 0.917808219178
42.0 0.945205479452
44.0 0.947945205479
46.0 0.950684931507
47.0 0.953424657534
48.0 0.958904109589
49.0 0.961643835616
51.0 0.964383561644
53.0 0.967123287671
58.0 0.969863013699
61.0 0.972602739726
64.0 0.975342465753
79.0 0.980821917808
89.0 0.983561643836
115.0 0.986301369863
195.0 0.98904109589
197.0 0.991780821918
199.0 0.994520547945
212.0 0.997260273973
