0.0 0.0
1.0 0.580821917808
2.0 0.632876712329
3.0 0.704109589041
4.0 0.739726027397
5.0 0.756164383562
7.0 0.764383561644
8.0 0.778082191781
11.0 0.783561643836
12.0 0.786301369863
14.0 0.78904109589
15.0 0.791780821918
21.0 0.794520547945
22.0 0.797260273973
26.0 0.8
28.0 0.802739726027
36.0 0.805479452055
38.0 0.808219178082
40.0 0.81095890411
41.0 0.942465753425
42.0 0.961643835616
43.0 0.969863013699
44.0 0.975342465753
45.0 0.978082191781
46.0 0.980821917808
48.0 0.986301369863
55.0 0.98904109589
58.0 0.991780821918
60.0 0.994520547945
62.0 0.997260273973
